1 0.1537041813135147 0.24430878460407257 0.07379687577486038 0.15198172628879547
1 0.20642885565757751 0.386355996131897 0.06914879381656647 0.12251875549554825
1 0.1978958696126938 0.5628196597099304 0.07660695165395737 0.15745829045772552
1 0.2780325412750244 0.24947550892829895 0.06891197711229324 0.15062367916107178
1 0.34219685196876526 0.551491379737854 0.08577239513397217 0.18348287045955658
1 0.5612261891365051 0.36250489950180054 0.06402701884508133 0.1492655724287033
1 0.5981964468955994 0.7427031993865967 0.09273213148117065 0.1807224452495575
1 0.6246801614761353 0.5761297941207886 0.0737968161702156 0.15198169648647308
1 0.9676982760429382 0.5269553065299988 0.06292423605918884 0.1348741054534912
1 0.7219793796539307 0.2504091262817383 0.061821382492780685 0.12048163264989853
1 0.9000821709632874 0.35136982798576355 0.047771092504262924 0.09309901297092438
1 0.5072554349899292 0.3181021809577942 0.06108617037534714 0.11088665574789047
