1 0.7524999976158142 0.26642298698425293 0.0549999475479126 0.07299299538135529
1 0.9512500166893005 0.29014599323272705 0.052500009536743164 0.0693429708480835
1 0.9662500023841858 0.08759099990129471 0.03250002861022949 0.043796002864837646
1 0.6362500190734863 0.04197100177407265 0.01750004291534424 0.04014600068330765
1 0.5737500190734863 0.05474499985575676 0.01250004768371582 0.029196999967098236
1 0.8187500238418579 0.12591199576854706 0.01250004768371582 0.025546997785568237
1 0.7450000047683716 0.12408798933029175 0.014999985694885254 0.021897993981838226
1 0.7074999809265137 0.11678799986839294 0.014999985694885254 0.021898001432418823
1 0.3700000047683716 0.12043799459934235 0.014999985694885254 0.021897993981838226
1 0.2150000035762787 0.10036499798297882 0.014999985694885254 0.025546997785568237
1 0.1537500023841858 0.10401500016450882 0.01750001311302185 0.032847002148628235
1 0.07000000029802322 0.09671500325202942 0.015000000596046448 0.032847002148628235
1 0.014999998733401299 0.09306599944829941 0.019999999552965164 0.025546997785568237
