1 0.1274999976158142 0.21190500259399414 0.025000005960464478 0.0523810088634491
1 0.26625001430511475 0.2690480053424835 0.0274999737739563 0.06190501153469086
1 0.4987500011920929 0.20238099992275238 0.0274999737739563 0.08095201849937439
1 0.5912500023841858 0.15476199984550476 0.03250002861022949 0.0809519961476326
1 0.6524999737739563 0.2857140004634857 0.04499995708465576 0.08571398258209229
1 0.7512500286102295 0.21428599953651428 0.027500033378601074 0.047618985176086426
1 0.7162500023841858 0.22381000220775604 0.022500038146972656 0.047619014978408813
1 0.6812499761581421 0.23095199465751648 0.027500033378601074 0.06190501153469086
1 0.6600000262260437 0.17619000375270844 0.02499997615814209 0.047619014978408813
1 0.8587499856948853 0.18333299458026886 0.03250002861022949 0.07142898440361023
