1 0.8799999952316284 0.6333330273628235 0.02499997615814209 0.04888904094696045
1 0.8324999809265137 0.7155560255050659 0.019999980926513672 0.04444396495819092
1 0.8512499928474426 0.27333301305770874 0.022500038146972656 0.04000002145767212
1 0.699999988079071 0.4866670072078705 0.019999980926513672 0.04000002145767212
1 0.7775000333786011 0.22444400191307068 0.020000040531158447 0.03999999165534973
1 0.7199999690055847 0.2755559980869293 0.02499997615814209 0.04444402456283569
1 0.6850000023841858 0.2488889992237091 0.019999980926513672 0.03555600345134735
1 0.5787500143051147 0.051110997796058655 0.01250004768371582 0.03111099824309349
1 0.32375001907348633 0.11555600166320801 0.01750004291534424 0.026666998863220215
1 0.22750002145767212 0.08222199976444244 0.014999985694885254 0.03111100196838379
1 0.2549999952316284 0.1622219979763031 0.014999985694885254 0.03111100196838379
1 0.12250000238418579 0.017777999863028526 0.014999985694885254 0.026667002588510513
