1 0.13249999284744263 0.9102039933204651 0.04500000923871994 0.06530594825744629
1 0.029999997466802597 0.6775509715080261 0.03999999910593033 0.06530594825744629
1 0.15125000476837158 0.6857140064239502 0.03749999403953552 0.06530594825744629
1 0.04500000178813934 0.5755100250244141 0.034999996423721313 0.05714297294616699
1 0.16625000536441803 0.5346940159797668 0.04249998927116394 0.06530594825744629
1 0.05874999985098839 0.4387759864330292 0.03750000149011612 0.06122398376464844
1 0.16500000655651093 0.4408159852027893 0.034999996423721313 0.04081600904464722
1 0.20374999940395355 0.38775500655174255 0.032499998807907104 0.048979997634887695
1 0.06624999642372131 0.29183700680732727 0.032499998807907104 0.05306100845336914
1 0.09875000268220901 0.24285700917243958 0.027500003576278687 0.036735013127326965
1 0.21250000596046448 0.26122400164604187 0.034999996423721313 0.057142987847328186
1 0.11999998986721039 0.11836700141429901 0.0299999937415123 0.048979997634887695
1 0.20999999344348907 0.13469399511814117 0.034999996423721313 0.05714300274848938
1 0.22875000536441803 0.06734699755907059 0.032499998807907104 0.044898003339767456
1 0.39625000953674316 0.12653100490570068 0.017499983310699463 0.04081600904464722
1 0.45500001311302185 0.14489799737930298 0.029999971389770508 0.044898003339767456
1 0.45875000953674316 0.20204100012779236 0.0274999737739563 0.044898003339767456
1 0.4749999940395355 0.3530609905719757 0.019999980926513672 0.04489797353744507
1 0.45375001430511475 0.4040820002555847 0.02249997854232788 0.048979997634887695
1 0.45750001072883606 0.4918369650840759 0.029999971389770508 0.05306097865104675
1 0.4337500035762787 0.5836730003356934 0.03750002384185791 0.05714297294616699
1 0.46875 0.6591839790344238 0.03250002861022949 0.044898033142089844
1 0.47749999165534973 0.8408160209655762 0.0350000262260437 0.04081594944000244
1 0.4937499761581421 0.93265300989151 0.04249998927116394 0.06938803195953369
1 0.4625000059604645 0.9163269996643066 0.014999985694885254 0.044898033142089844
1 0.5550000071525574 0.4877550005912781 0.034999966621398926 0.06122398376464844
1 0.5625 0.3938780128955841 0.034999966621398926 0.05306100845336914
1 0.5350000262260437 0.38775500655174255 0.02499997615814209 0.048979997634887695
1 0.5262500047683716 0.21020400524139404 0.01750004291534424 0.03673499822616577
1 0.5475000143051147 0.23265302181243896 0.029999971389770508 0.04898001253604889
1 0.5824999809265137 0.11224499344825745 0.02499997615814209 0.04489799588918686
1 0.5899999737739563 0.2530609965324402 0.029999971389770508 0.048979997634887695
1 0.637499988079071 0.24285700917243958 0.02499997615814209 0.036735013127326965
1 0.6387500166893005 0.3510200083255768 0.03250002861022949 0.048979997634887695
1 0.6175000071525574 0.5265309810638428 0.029999971389770508 0.04081594944000244
1 0.5637500286102295 0.6734690070152283 0.027500033378601074 0.05714297294616699
1 0.6000000238418579 0.722449004650116 0.034999966621398926 0.05714297294616699
1 0.643750011920929 0.7183669805526733 0.03250002861022949 0.05714297294616699
1 0.6499999761581421 0.5510200262069702 0.034999966621398926 0.05714297294616699
1 0.6399999856948853 0.942857027053833 0.029999971389770508 0.05714297294616699
1 0.6187499761581421 0.15510199964046478 0.027500033378601074 0.04081600904464722
1 0.6587499976158142 0.12653100490570068 0.01750004291534424 0.04081600904464722
1 0.6487500071525574 0.07346899807453156 0.022500038146972656 0.03265300393104553
1 0.7162500023841858 0.10000000149011612 0.022500038146972656 0.03673499822616577
1 0.6899999976158142 0.13265299797058105 0.02499997615814209 0.028571002185344696
1 0.7200000286102295 0.1775510013103485 0.029999971389770508 0.03673499822616577
1 0.7074999809265137 0.27755099534988403 0.034999966621398926 0.04081600904464722
1 0.731249988079071 0.2551020085811615 0.01250004768371582 0.04489798843860626
1 0.7012500166893005 0.37551000714302063 0.03250002861022949 0.04081600904464722
1 0.731249988079071 0.422448992729187 0.03250002861022949 0.05306100845336914
1 0.7562500238418579 0.4306119978427887 0.01750004291534424 0.04489797353744507
1 0.7437499761581421 0.5326529741287231 0.03250002861022949 0.05306100845336914
1 0.7362499833106995 0.6714289784431458 0.03750002384185791 0.044898033142089844
1 0.7699999809265137 0.8061220049858093 0.034999966621398926 0.05306100845336914
1 0.7862499952316284 0.8775510191917419 0.022500038146972656 0.032652974128723145
1 0.8025000095367432 0.9693880081176758 0.034999966621398926 0.05306100845336914
1 0.7612500190734863 0.10408200323581696 0.01750004291534424 0.0285709947347641
