1 0.20362558960914612 0.22511053085327148 0.057271115481853485 0.0750417709350586
1 0.01338313426822424 0.24409185349941254 0.02676626853644848 0.07129554450511932
1 0.3254845142364502 0.0109797902405262 0.01841765083372593 0.0219595804810524
1 0.38946250081062317 0.015934742987155914 0.013161488808691502 0.02977936528623104
1 0.13727185130119324 0.08164480328559875 0.013119434006512165 0.026095567271113396
1 0.21296058595180511 0.08164490759372711 0.015642333775758743 0.022475184872746468
1 0.2515198290348053 0.07521343231201172 0.015642333775758743 0.022475192323327065
1 0.597753643989563 0.08732213079929352 0.015642333775758743 0.022475184872746468
1 0.7570153474807739 0.07093250006437302 0.015684377402067184 0.02615797333419323
1 0.8198159337043762 0.07614526152610779 0.01833355240523815 0.033587973564863205
1 0.9058278203010559 0.07086829841136932 0.015768487006425858 0.03352556750178337
1 0.9623000025749207 0.0685584619641304 0.020814385265111923 0.026282787322998047
1 0.9913364052772522 0.069307342171669 0.01732715219259262 0.026282787322998047
