1 0.2375 0.234082 0.03 0.0636704 0.636797
1 0.02125 0.200375 0.0425 0.0636704 0.734803
0 0.09125 0.213483 0.0425 0.0749064 0.762388
0 0.7075 0.29588 0.035 0.0524345 0.786218
1 0.605 0.215356 0.035 0.0636704 0.789782
1 0.1975 0.297753 0.055 0.0861423 0.806569
1 0.365 0.247191 0.045 0.0674157 0.831273
1 0.725 0.153558 0.045 0.0674157 0.834303
0 0.645 0.194757 0.04 0.0674157 0.86562
0 0.845 0.170412 0.06 0.093633 0.910598
2 0.9375 0.301498 0.045 0.0786517 0.934275
2 0.12 0.280899 0.055 0.0898876 0.934342
2 0.4775 0.198502 0.06 0.104869 0.960306
