0 0.13625 0.554307 0.0525 0.0749064 0.653319
0 0.4325 0.307116 0.05 0.0599251 0.766949
0 0.47 0.406367 0.045 0.0636704 0.806423
0 0.44375 0.578652 0.0475 0.071161 0.835859
0 0.82125 0.166667 0.0525 0.0786517 0.843908
0 0.74125 0.0580524 0.0475 0.0636704 0.866734
1 0.1775 0.220974 0.05 0.0674157 0.880871
1 0.8075 0.292135 0.045 0.0599251 0.88839
1 0.475 0.155431 0.045 0.0636704 0.906287
1 0.70625 0.426966 0.0525 0.0749064 0.910505
1 0.10875 0.0917603 0.0425 0.0636704 0.915971
1 0.16875 0.374532 0.0475 0.0749064 0.932588
