0 0.52625 0.272124 0.0275 0.0752212 0.536977
0 0.435 0.25885 0.02 0.0575221 0.563816
0 0.3675 0.232301 0.035 0.0663717 0.586091
0 0.3025 0.236726 0.035 0.0663717 0.592093
0 0.76625 0.256637 0.0375 0.079646 0.598903
0 0.47875 0.278761 0.0325 0.0707965 0.78898
0 0.56 0.280973 0.045 0.0929204 0.821233
0 0.45125 0.517699 0.0525 0.0973451 0.828796
0 0.6525 0.349558 0.045 0.0884956 0.830182
0 0.4075 0.285398 0.045 0.0840708 0.835453
0 0.71375 0.371681 0.0575 0.106195 0.83629
0 0.61375 0.311947 0.0375 0.0752212 0.84804
0 0.085 0.269911 0.05 0.0973451 0.860761
0 0.16875 0.329646 0.0475 0.0929204 0.866936
0 0.3525 0.307522 0.055 0.110619 0.87636
1 0.80875 0.261062 0.0375 0.0619469 0.882435
