0 0.70875 0.201439 0.0125 0.0215827 0.504859
0 0.8975 0.476619 0.025 0.0395683 0.54441
0 0.89375 0.0719424 0.0175 0.028777 0.56319
0 0.86875 0.0431655 0.0125 0.0215827 0.569403
0 0.32625 0.208633 0.0175 0.028777 0.592508
1 0.30125 0.273381 0.0175 0.028777 0.601178
0 0.6675 0.0701439 0.015 0.0251799 0.604297
0 0.4525 0.0197842 0.01 0.0251799 0.624479
0 0.3 0.122302 0.015 0.028777 0.631112
1 0.345 0.239209 0.02 0.0323741 0.633847
0 0.36 0.0197842 0.015 0.0251799 0.637842
0 0.47625 0.0683453 0.0125 0.0215827 0.662522
0 0.695 0.431655 0.025 0.0359712 0.671212
0 0.545 0.0341727 0.015 0.0251799 0.67154
0 0.31625 0.0953237 0.0125 0.0251799 0.671849
0 0.54125 0.106115 0.0175 0.0251799 0.672892
0 0.5725 0.0629496 0.015 0.0251799 0.67471
0 0.49625 0.142086 0.0175 0.0251799 0.680044
0 0.41625 0.0593525 0.0175 0.0251799 0.683588
0 0.925 0.321942 0.02 0.0323741 0.68768
0 0.26375 0.147482 0.0175 0.028777 0.693581
1 0.16125 0.634892 0.0225 0.0395683 0.695067
0 0.85 0.284173 0.02 0.028777 0.69692
1 0.14 0.291367 0.02 0.028777 0.706292
0 0.87 0.321942 0.02 0.0323741 0.712055
0 0.50625 0.239209 0.0175 0.0251799 0.717582
0 0.87 0.167266 0.02 0.0251799 0.722631
0 0.35125 0.0593525 0.0175 0.0251799 0.725074
0 0.62375 0.192446 0.0225 0.0323741 0.727389
0 0.82625 0.170863 0.0175 0.0251799 0.735507
0 0.605 0.764389 0.035 0.0539568 0.740514
0 0.43 0.106115 0.02 0.0251799 0.742224
0 0.3925 0.0701439 0.015 0.0251799 0.743994
0 0.5575 0.348921 0.02 0.028777 0.744124
0 0.35875 0.460432 0.0225 0.0359712 0.748247
0 0.3975 0.205036 0.02 0.028777 0.748426
1 0.2675 0.289568 0.02 0.0323741 0.750565
0 0.6025 0.397482 0.025 0.0323741 0.76167
1 0.11375 0.568345 0.0225 0.0359712 0.762479
0 0.12875 0.372302 0.0225 0.0323741 0.762988
0 0.66875 0.386691 0.0175 0.0323741 0.764255
0 0.71625 0.46223 0.0275 0.0395683 0.764829
0 0.0725 0.464029 0.02 0.0359712 0.772015
0 0.63375 0.30036 0.0175 0.0251799 0.780761
0 0.3425 0.368705 0.02 0.0323741 0.781634
0 0.8175 0.307554 0.02 0.0323741 0.787186
0 0.9025 0.978417 0.035 0.0431655 0.788578
0 0.0175 0.482014 0.025 0.0359712 0.789535
0 0.64875 0.82554 0.0275 0.0395683 0.790753
0 0.42 0.372302 0.025 0.0323741 0.791389
0 0.29 0.561151 0.025 0.0431655 0.795198
0 0.59625 0.523381 0.0275 0.0323741 0.797271
0 0.455 0.548561 0.025 0.0323741 0.797562
0 0.77375 0.239209 0.0225 0.0323741 0.798098
0 0.73125 0.404676 0.0225 0.0323741 0.806779
0 0.94375 0.535971 0.0275 0.0359712 0.806967
0 0.43125 0.433453 0.0225 0.0323741 0.809995
0 0.26375 0.401079 0.0225 0.0323741 0.810732
0 0.75625 0.919065 0.0375 0.0539568 0.816414
0 0.56125 0.298561 0.0175 0.028777 0.821493
0 0.53625 0.377698 0.0225 0.0359712 0.827088
0 0.26125 0.611511 0.0275 0.0431655 0.828518
0 0.49625 0.458633 0.0225 0.0323741 0.829408
0 0.8825 0.375899 0.025 0.0323741 0.830937
0 0.24625 0.946043 0.0375 0.057554 0.833883
0 0.41 0.71223 0.03 0.0431655 0.837484
0 0.3775 0.624101 0.025 0.0395683 0.839808
0 0.69875 0.555755 0.0325 0.0467626 0.840128
0 0.4525 0.327338 0.02 0.0359712 0.84503
0 0.3675 0.294964 0.025 0.0359712 0.846467
0 0.38 0.701439 0.025 0.0431655 0.85129
0 0.9425 0.782374 0.03 0.0467626 0.853648
0 0.9075 0.805755 0.03 0.0431655 0.857319
0 0.48375 0.366906 0.0225 0.0359712 0.859519
0 0.325 0.776978 0.03 0.0503597 0.865832
0 0.13375 0.473022 0.0275 0.0395683 0.876482
0 0.54875 0.870504 0.0325 0.0503597 0.880946
0 0.4125 0.93705 0.035 0.0539568 0.88198
0 0.94375 0.606115 0.0325 0.0467626 0.88268
0 0.47 0.589928 0.025 0.0431655 0.902972
