0 0.7475 0.799625 0.115 0.168539 0.524005
0 0.50125 0.11236 0.0675 0.104869 0.531128
1 0.265 0.280899 0.05 0.082397 0.572208
0 0.92375 0.314607 0.0675 0.0973783 0.585312
0 0.49125 0.348315 0.0825 0.11985 0.656755
0 0.825 0.503745 0.085 0.138577 0.729063
0 0.68375 0.419476 0.0975 0.149813 0.760352
0 0.36625 0.938202 0.1375 0.123596 0.76427
1 0.0925 0.127341 0.06 0.0973783 0.814639
1 0.63625 0.664794 0.0775 0.131086 0.839361
1 0.36375 0.666667 0.1375 0.164794 0.896419
0 0.21 0.874532 0.14 0.213483 0.905585
1 0.87 0.144195 0.06 0.0861423 0.914682
1 0.23125 0.117978 0.0675 0.101124 0.914719
1 0.43875 0.14794 0.0575 0.0861423 0.927234
1 0.63125 0.110487 0.0775 0.108614 0.935299
1 0.065 0.483146 0.09 0.142322 0.951307
