1 0.365169 0.975 0.0187266 0.015 0.508786
1 0.292135 0.945 0.0224719 0.015 0.510881
1 0.299625 0.37 0.0224719 0.015 0.511531
1 0.526217 0.58875 0.0262172 0.0175 0.514955
1 0.425094 0.47125 0.0187266 0.0125 0.516812
1 0.340824 0.8725 0.0224719 0.015 0.529001
1 0.56367 0.37375 0.0187266 0.0125 0.540406
1 0.361423 0.50875 0.0262172 0.0125 0.549541
1 0.479401 0.5475 0.0299625 0.02 0.559412
1 0.709738 0.56625 0.0187266 0.0125 0.568722
1 0.574906 0.65875 0.0262172 0.0175 0.593347
1 0.333333 0.72 0.0224719 0.015 0.600904
1 0.393258 0.95125 0.0149813 0.0125 0.617769
1 0.361423 0.74125 0.0187266 0.0125 0.617772
1 0.599251 0.81875 0.0299625 0.0175 0.629923
1 0.702247 0.5475 0.0187266 0.015 0.649033
1 0.589888 0.70625 0.0187266 0.0125 0.651055
1 0.322097 0.795 0.0224719 0.015 0.658911
1 0.588015 0.73375 0.0149813 0.0125 0.698895
1 0.265918 0.7575 0.0224719 0.015 0.728614
0 0.509363 0.1625 0.164794 0.125 0.786274
