0 0.8675 0.172566 0.035 0.0619469 0.514059
0 0.54 0.356195 0.06 0.0840708 0.540497
0 0.46875 0.353982 0.0625 0.106195 0.6129
0 0.1275 0.199115 0.03 0.0707965 0.63229
1 0.46125 0.170354 0.0375 0.0663717 0.652565
0 0.4275 0.287611 0.04 0.079646 0.684968
0 0.78 0.201327 0.04 0.0840708 0.748044
0 0.35125 0.25 0.0625 0.110619 0.774406
0 0.8525 0.539823 0.105 0.168142 0.786238
0 0.675 0.442478 0.085 0.132743 0.798657
0 0.82625 0.287611 0.0675 0.106195 0.798889
0 0.28 0.267699 0.05 0.0840708 0.832496
2 0.165 0.185841 0.045 0.0973451 0.884385
0 0.195 0.446903 0.075 0.141593 0.917271
0 0.0925 0.340708 0.05 0.106195 0.938652
