1 0.20935897529125214 0.2736304998397827 0.07776494324207306 0.13456934690475464
1 0.2358308881521225 0.13746914267539978 0.06734057515859604 0.10920381546020508
1 0.35633763670921326 0.23791813850402832 0.05712851509451866 0.10037441551685333
1 0.33956417441368103 0.07470390200614929 0.06451183557510376 0.12022475153207779
1 0.22887557744979858 0.5393974781036377 0.09318231046199799 0.17868055403232574
1 0.27953842282295227 0.6805867552757263 0.09448354691267014 0.18750040233135223
1 0.46918028593063354 0.1134093701839447 0.04561520740389824 0.08272508531808853
1 0.6701745986938477 0.1615474820137024 0.04995743930339813 0.0970601812005043
1 0.7060502171516418 0.25585904717445374 0.07602515816688538 0.13787412643432617
1 0.4877174198627472 0.7838664650917053 0.056251879781484604 0.12462672591209412
1 0.4343798756599426 0.7992591857910156 0.06340914219617844 0.17313894629478455
1 0.7749112844467163 0.19582076370716095 0.06082019954919815 0.11030005663633347
1 0.7549529671669006 0.3137926459312439 0.04735478758811951 0.07941930741071701
1 0.8160985112190247 0.2454773336648941 0.05408742278814316 0.09485919773578644
1 0.8342726230621338 0.3645841181278229 0.0547381192445755 0.09926965087652206
1 0.8869971036911011 0.907157838344574 0.09470969438552856 0.1588386595249176
