1 0.125 0.30476200580596924 0.06499999761581421 0.1333329826593399
1 0.1887499988079071 0.4285709857940674 0.0625 0.1047620177268982
1 0.19374999403953552 0.6023809909820557 0.06749999523162842 0.13809502124786377
1 0.25 0.27619001269340515 0.06000000238418579 0.1333330124616623
1 0.3375000059604645 0.5523809790611267 0.07499998807907104 0.16190502047538757
1 0.5425000190734863 0.3095239996910095 0.0549999475479126 0.1333329826593399
1 0.6087499856948853 0.669048011302948 0.08249998092651367 0.1571429967880249
1 0.6225000023841858 0.5 0.06499993801116943 0.1333329677581787
1 0.9624999761581421 0.3595240116119385 0.0549999475479126 0.11904799938201904
1 0.6949999928474426 0.1571429967880249 0.0549999475479126 0.1047620102763176
1 0.8812500238418579 0.20714299380779266 0.04250001907348633 0.08095201849937439
1 0.48500001430511475 0.28095200657844543 0.054999977350234985 0.09523801505565643
