1 0.8675000071525574 0.9102039933204651 0.04499995708465576 0.06530594825744629
1 0.9700000286102295 0.6775509715080261 0.04000002145767212 0.06530594825744629
1 0.8487499952316284 0.6857140064239502 0.03750002384185791 0.06530594825744629
1 0.9550000429153442 0.5755100250244141 0.0350000262260437 0.05714297294616699
1 0.8337500095367432 0.5346940159797668 0.04250001907348633 0.06530594825744629
1 0.9412499666213989 0.4387759864330292 0.037499964237213135 0.06122398376464844
1 0.8349999785423279 0.4408159852027893 0.034999966621398926 0.04081600904464722
1 0.7962499856948853 0.38775500655174255 0.03250002861022949 0.048979997634887695
1 0.9337500333786011 0.29183700680732727 0.03249996900558472 0.05306100845336914
1 0.9012500047683716 0.24285700917243958 0.027500033378601074 0.036735013127326965
1 0.7875000238418579 0.26122400164604187 0.0350000262260437 0.057142987847328186
1 0.8799999952316284 0.11836700141429901 0.029999971389770508 0.048979997634887695
1 0.7900000214576721 0.13469399511814117 0.034999966621398926 0.05714300274848938
1 0.7712500095367432 0.06734699755907059 0.03250002861022949 0.044898003339767456
1 0.6037499904632568 0.12653100490570068 0.017499923706054688 0.04081600904464722
1 0.5449999570846558 0.14489799737930298 0.029999971389770508 0.044898003339767456
1 0.5412499904632568 0.20204100012779236 0.027499914169311523 0.044898003339767456
1 0.5249999761581421 0.3530609905719757 0.019999980926513672 0.04489797353744507
1 0.5462499856948853 0.4040820002555847 0.022500038146972656 0.048979997634887695
1 0.5425000190734863 0.4918369650840759 0.029999971389770508 0.05306097865104675
1 0.5662500262260437 0.5836730003356934 0.03750002384185791 0.05714297294616699
1 0.53125 0.6591839790344238 0.03250002861022949 0.044898033142089844
1 0.5225000381469727 0.8408160209655762 0.0350000262260437 0.04081594944000244
1 0.5062500238418579 0.93265300989151 0.04250001907348633 0.06938803195953369
1 0.5374999642372131 0.9163269996643066 0.014999985694885254 0.044898033142089844
1 0.4449999928474426 0.4877550005912781 0.034999966621398926 0.06122398376464844
1 0.4375 0.3938780128955841 0.034999966621398926 0.05306100845336914
1 0.4649999737739563 0.38775500655174255 0.02499997615814209 0.048979997634887695
1 0.4737499952316284 0.21020400524139404 0.01750004291534424 0.03673499822616577
1 0.45249998569488525 0.23265302181243896 0.029999971389770508 0.04898001253604889
1 0.41750001907348633 0.11224499344825745 0.02499997615814209 0.04489799588918686
1 0.4100000262260437 0.2530609965324402 0.029999971389770508 0.048979997634887695
1 0.36250001192092896 0.24285700917243958 0.02499997615814209 0.036735013127326965
1 0.36124998331069946 0.3510200083255768 0.03250002861022949 0.048979997634887695
1 0.3824999928474426 0.5265309810638428 0.029999971389770508 0.04081594944000244
1 0.4362499713897705 0.6734690070152283 0.027500033378601074 0.05714297294616699
1 0.3999999761581421 0.722449004650116 0.034999966621398926 0.05714297294616699
1 0.35624998807907104 0.7183669805526733 0.03250002861022949 0.05714297294616699
1 0.3500000238418579 0.5510200262069702 0.034999966621398926 0.05714297294616699
1 0.36000001430511475 0.942857027053833 0.029999971389770508 0.05714297294616699
1 0.3812500238418579 0.15510199964046478 0.027500033378601074 0.04081600904464722
1 0.3412500023841858 0.12653100490570068 0.01750004291534424 0.04081600904464722
1 0.3512499928474426 0.07346899807453156 0.022500038146972656 0.03265300393104553
1 0.2837499976158142 0.10000000149011612 0.022500038146972656 0.03673499822616577
1 0.3100000023841858 0.13265299797058105 0.02499997615814209 0.028571002185344696
1 0.2799999713897705 0.1775510013103485 0.029999971389770508 0.03673499822616577
1 0.29250001907348633 0.27755099534988403 0.034999966621398926 0.04081600904464722
1 0.26875001192092896 0.2551020085811615 0.01250004768371582 0.04489798843860626
1 0.29874998331069946 0.37551000714302063 0.03250002861022949 0.04081600904464722
1 0.26875001192092896 0.422448992729187 0.03250002861022949 0.05306100845336914
1 0.2437499761581421 0.4306119978427887 0.01750004291534424 0.04489797353744507
1 0.2562500238418579 0.5326529741287231 0.03250002861022949 0.05306100845336914
1 0.26375001668930054 0.6714289784431458 0.03750002384185791 0.044898033142089844
1 0.23000001907348633 0.8061220049858093 0.034999966621398926 0.05306100845336914
1 0.21375000476837158 0.8775510191917419 0.022500038146972656 0.032652974128723145
1 0.19749999046325684 0.9693880081176758 0.034999966621398926 0.05306100845336914
1 0.23874998092651367 0.10408200323581696 0.01750004291534424 0.0285709947347641
