1 0.17555467784404755 0.19024492800235748 0.024319730699062347 0.05136261135339737
1 0.30713754892349243 0.25017327070236206 0.026793459430336952 0.060629952698946
1 0.5292113423347473 0.19404073059558868 0.026979168877005577 0.07898891717195511
1 0.6177689433097839 0.1513749063014984 0.03174102306365967 0.07916365563869476
1 0.6748242378234863 0.279737263917923 0.04369188845157623 0.08419051021337509
1 0.7695662975311279 0.214340940117836 0.026654228568077087 0.0468599908053875
1 0.736140787601471 0.22229760885238647 0.021892430260777473 0.04668525978922844
1 0.7027385234832764 0.2279583066701889 0.02679351717233658 0.0606299564242363
1 0.6830348372459412 0.17443178594112396 0.02427327260375023 0.046772636473178864
1 0.8722468018531799 0.18826335668563843 0.0316481739282608 0.06998464465141296
