1 0.8428863286972046 0.3706550598144531 0.07222514599561691 0.11511420458555222
1 0.8299961090087891 0.23335757851600647 0.06343714147806168 0.09204196184873581
1 0.6946668028831482 0.29500457644462585 0.052873920649290085 0.08614715933799744
1 0.7293840646743774 0.14415885508060455 0.05886835604906082 0.1044541597366333
1 0.7944186925888062 0.6184888482093811 0.08441763371229172 0.15611697733402252
1 0.7269935011863708 0.7387447953224182 0.0848250612616539 0.16489338874816895
1 0.5912033319473267 0.1443665325641632 0.04190338775515556 0.07147588580846786
1 0.3781925439834595 0.13336127996444702 0.045104194432497025 0.0850175991654396
1 0.33105021715164185 0.21311408281326294 0.06983888894319534 0.11912547051906586
1 0.5006836652755737 0.778272807598114 0.048916157335042953 0.11172554641962051
1 0.5542125701904297 0.8080452680587769 0.05115646868944168 0.15999875962734222
1 0.2662162780761719 0.13638634979724884 0.05587109923362732 0.09530115127563477
1 0.27430516481399536 0.25449979305267334 0.04428953304886818 0.06746363639831543
1 0.2183321863412857 0.17206552624702454 0.05008029192686081 0.0813819095492363
1 0.18685992062091827 0.2804666757583618 0.050283968448638916 0.0857706367969513
1 0.07458900660276413 0.782783031463623 0.0885791927576065 0.13492728769779205
