1 0.8624999523162842 0.4424780011177063 0.06499999761581421 0.10619497299194336
1 0.856249988079071 0.3030970096588135 0.05750000476837158 0.08407098054885864
1 0.7237499952316284 0.3451330065727234 0.047500014305114746 0.07964599132537842
1 0.7637500166893005 0.19911499321460724 0.052500009536743164 0.09734499454498291
1 0.8050000071525574 0.6836280226707458 0.07499992847442627 0.14601802825927734
1 0.7350000143051147 0.7942479848861694 0.07500004768371582 0.15486693382263184
1 0.6312499642372131 0.17920400202274323 0.03750002384185791 0.06637200713157654
1 0.42750000953674316 0.1371680051088333 0.039999961853027344 0.07964599132537842
1 0.3787500262260437 0.2101770043373108 0.0625 0.11061900854110718
1 0.5162500143051147 0.800885021686554 0.04250001907348633 0.10619497299194336
1 0.5662499666213989 0.8384960293769836 0.04250001907348633 0.1548670530319214
1 0.3199999928474426 0.12389399111270905 0.04999995231628418 0.08849599212408066
1 0.32249999046325684 0.24336299300193787 0.039999961853027344 0.061946988105773926
1 0.2724999785423279 0.1526550054550171 0.04499995708465576 0.0752210021018982
1 0.23750001192092896 0.25663700699806213 0.04499995708465576 0.07964599132537842
1 0.10750001668930054 0.7433630228042603 0.08000004291534424 0.12389397621154785
