1 0.20650197565555573 0.013627815991640091 0.06571479886770248 0.027255631983280182
1 0.022283542901277542 0.023065252229571342 0.044567085802555084 0.046130504459142685
1 0.8154768943786621 0.15805105865001678 0.07876330614089966 0.15442709624767303
1 0.7676401138305664 0.3029095530509949 0.07302550971508026 0.126260906457901
1 0.7828469276428223 0.46985766291618347 0.0817502960562706 0.1600194126367569
1 0.6903315782546997 0.1848282665014267 0.07388941943645477 0.15227238833904266
1 0.6369493007659912 0.4843985140323639 0.09181176126003265 0.18582625687122345
1 0.4090668857097626 0.3424817621707916 0.06901565194129944 0.1501176804304123
1 0.3860258460044861 0.7119047045707703 0.0985722467303276 0.18454328179359436
1 0.3530925214290619 0.5575515627861023 0.07876318693161011 0.15442702174186707
1 0.019564567133784294 0.5708810687065125 0.03912913426756859 0.13657374680042267
1 0.24281196296215057 0.26372337341308594 0.06571479886770248 0.12302885204553604
