1 0.18589431047439575 0.14700847864151 0.025330450385808945 0.05414249747991562
1 0.317259818315506 0.21644999086856842 0.02797704190015793 0.06379636377096176
1 0.5416899919509888 0.17214517295360565 0.028481801971793175 0.08263769000768661
1 0.6315385103225708 0.1336507499217987 0.03327031433582306 0.08310309797525406
1 0.6867268085479736 0.2688901126384735 0.04536759853363037 0.08897721767425537
1 0.7831918597221375 0.20742560923099518 0.027598509564995766 0.049664612859487534
1 0.7494202256202698 0.21358877420425415 0.02281005308032036 0.049199216067790985
1 0.7157117128372192 0.21739567816257477 0.027977099642157555 0.06379637122154236
1 0.6968119740486145 0.16124697029590607 0.02520422451198101 0.049431923776865005
1 0.8869640231132507 0.18681348860263824 0.033017948269844055 0.07368291914463043
