1 0.2475000023841858 0.26642298698425293 0.0549999475479126 0.07299299538135529
1 0.04874998331069946 0.29014599323272705 0.052500009536743164 0.0693429708480835
1 0.03374999761581421 0.08759099990129471 0.03250002861022949 0.043796002864837646
1 0.36374998092651367 0.04197100177407265 0.01750004291534424 0.04014600068330765
1 0.42624998092651367 0.05474499985575676 0.01250004768371582 0.029196999967098236
1 0.1812499761581421 0.12591199576854706 0.01250004768371582 0.025546997785568237
1 0.2549999952316284 0.12408798933029175 0.014999985694885254 0.021897993981838226
1 0.29250001907348633 0.11678799986839294 0.014999985694885254 0.021898001432418823
1 0.6299999952316284 0.12043799459934235 0.014999985694885254 0.021897993981838226
1 0.7850000262260437 0.10036499798297882 0.014999985694885254 0.025546997785568237
1 0.8462499976158142 0.10401500016450882 0.01750004291534424 0.032847002148628235
1 0.9300000071525574 0.09671500325202942 0.014999985694885254 0.032847002148628235
1 0.9850000143051147 0.09306599944829941 0.019999980926513672 0.025546997785568237
