1 0.869912326335907 0.006035656202584505 0.01453713234513998 0.01207131240516901
1 0.140046626329422 0.6067094802856445 0.024255793541669846 0.04720565676689148
1 0.18506014347076416 0.6862071752548218 0.019437307491898537 0.04286070540547371
1 0.16980135440826416 0.26323649287223816 0.021805724129080772 0.03866241127252579
1 0.3134307563304901 0.4700430929660797 0.019410060718655586 0.03861388564109802
1 0.2407720535993576 0.2179476022720337 0.019410088658332825 0.03861385956406593
1 0.2955586314201355 0.2679084241390228 0.024228546768426895 0.042957812547683716
1 0.3292608857154846 0.24310368299484253 0.019382841885089874 0.034366998821496964
1 0.43228673934936523 0.05616108700633049 0.012168715707957745 0.02997359074652195
1 0.6762469410896301 0.12269695848226547 0.01693282276391983 0.025823771953582764
1 0.768683135509491 0.09270980954170227 0.014564350247383118 0.030022120103240013
1 0.7418411374092102 0.16862736642360687 0.014564350247383118 0.030022120103240013
