1 0.8725000023841858 0.21190500259399414 0.02499997615814209 0.0523810088634491
1 0.7337499856948853 0.2690480053424835 0.027499914169311523 0.06190501153469086
1 0.5012500286102295 0.20238099992275238 0.0274999737739563 0.08095201849937439
1 0.4087499976158142 0.15476199984550476 0.03250002861022949 0.0809519961476326
1 0.3475000262260437 0.2857140004634857 0.04499995708465576 0.08571398258209229
1 0.2487499713897705 0.21428599953651428 0.027500033378601074 0.047618985176086426
1 0.2837499976158142 0.22381000220775604 0.022500038146972656 0.047619014978408813
1 0.3187500238418579 0.23095199465751648 0.027500033378601074 0.06190501153469086
1 0.3399999737739563 0.17619000375270844 0.02499997615814209 0.047619014978408813
1 0.14125001430511475 0.18333299458026886 0.03250002861022949 0.07142898440361023
